Accuracy: 89.35%
Confusion Matrix:
[[142   0   0   0   0   0   0   0   0   0   1   0   0   0   2   0   0   1  0   0   0   1   1   0   0   1]
 [  0 133   0   0   2   1   2   1   0   0   0   0   0   0   0   0   0   2  2   2   0   5   0   3   0   0]
 [  0   0 118   0   4   1   0   0   0   0   1   1   0   0   2   0   2   2  0   2   2   0   2   0   0   0]
 [  0   1   0 145   0   0   1   3   1   0   0   0   0   1   0   0   0   1  0   0   2   0   0   1   0   0]
 [  0   0   1   0 130   0   0   0   0   2   1   1   0   0   0   1   1   0  2   0   0   0   0   1   0   1]
 [  0   2   1   1   2 116   0   0   2   1   0   0   0   0   0   3   1   0  4   2   0   2   0   3   0   0]
 [  0   3   2   1   3   0 142   0   0   0   3   1   0   0   2   0   3   0  0   0   0   0   0   0   0   0]
 [  0   2   0   5   0   0   2 112   0   1   5   2   0   1   1   3   1   4  1   0   1   1   0   1   0   1]
 [  1   1   0   1   3   3   1   1 131   0   1   0   0   0   0   1   0   0  1   0   0   0   0   1   0   0]
 [  0   1   0   0   1   2   0   0   3 134   0   1   0   0   1   0   1   1  0   0   0   0   0   2   1   1]
 [  0   2   0   0   2   0   0   6   0   1 108   2   0   0   0   0   0   5  0   0   0   1   1   2   0   0]
 [  0   0   3   1   1   2   1   0   0   0   0 145   0   1   1   0   0   0  0   0   0   0   0   0   0   0]
 [  0   0   0   0   0   0   1   1   0   0   0   0 161   0   0   0   0   1  0   0   1   0   3   0   0   0]
 [  0   0   0   3   0   0   0   0   0   0   0   0   6 135   2   1   0   1  0   0   2   0   1   0   0   0]
 [  0   1   0   6   0   0   1   0   0   1   0   0   0   0 128   1   4   1  0   0   0   0   2   0   0   0]
 [  0   1   1   0   1   9   1   0   0   0   0   0   0   0   2 154   0   0  0   0   0   2   0   1   0   1]
 [  0   1   1   0   1   1   4   0   1   0   1   0   0   0   3   1 144   2  2   1   0   0   2   0   1   0]
 [  0   3   1   2   0   2   4   2   0   0   3   0   1   0   0   0   2 138  0   0   0   0   1   1   0   0]
 [  0   2   0   1   1   1   2   1   2   0   0   2   0   0   0   0   2   1  152   0   0   1   0   1   0   2]
 [  0   1   3   0   0   5   1   0   0   0   0   0   0   0   0   0   0   2  1 143   0   0   0   0   6   1]
 [  0   0   2   0   0   0   0   1   0   1   2   1   1   0   1   0   3   0  0   0 170   0   0   0   1   0]
 [  0   2   0   0   0   2   0   2   0   0   0   0   0   0   2   0   0   1  0   0   0 145   3   0   1   0]
 [  0   0   0   0   0   0   0   0   0   0   0   0   2   0   3   1   0   0  0   0   1   3 137   0   1   0]
 [  0   3   1   1   3   1   0   1   0   1   1   1   0   0   0   0   0   0  2   0   0   0   0 137   0   2]
 [  1   0   0   1   2   3   0   0   0   0   0   0   1   0   0   0   0   0  0   3   0   0   0   1 155   1]
 [  0   1   0   0   2   1   0   0   0   0   0   0   0   0   0   2   3   20   0   0   0   0   1   1 119]]
